0 0.49921875 0.04140625 0.9984375 0.0828125
0 0.03359375 0.60234375 0.0421875 0.55390625
0 0.07265625 0.609375 0.0390625 0.51875
0 0.10703125 0.61640625 0.0390625 0.52890625
0 0.140625 0.596875 0.0375 0.54375
0 0.22109375 0.503125 0.0859375 0.67265625
0 0.3078125 0.54765625 0.05 0.62890625
0 0.3546875 0.53359375 0.046875 0.5875
0 0.4078125 0.53125 0.046875 0.6125
0 0.45 0.53515625 0.040625 0.60859375
0 0.50703125 0.53125 0.0765625 0.64609375
0 0.56015625 0.53125 0.0296875 0.62109375
0 0.6015625 0.52734375 0.046875 0.60390625
0 0.6390625 0.525 0.028125 0.61640625
0 0.67734375 0.51796875 0.0484375 0.63515625
0 0.72734375 0.48671875 0.0359375 0.65234375
0 0.75703125 0.48203125 0.0328125 0.65625
0 0.78984375 0.48203125 0.0328125 0.64375
0 0.82734375 0.52578125 0.0421875 0.56484375
0 0.871875 0.509375 0.04375 0.58125
0 0.9140625 0.509375 0.03125 0.55234375
0 0.95625 0.5 0.05625 0.56640625
0 0.99140625 0.50859375 0.0140625 0.55