2 0.07734375 0.575 0.04453125 0.1234375
2 0.18515625 0.55 0.02578125 0.08671875
2 0.21953125 0.5453125 0.0296875 0.1046875
2 0.2359375 0.56875 0.0140625 0.09296875
2 0.28125 0.57265625 0.02578125 0.10546875
2 0.30703125 0.56953125 0.0359375 0.11640625
2 0.34375 0.58046875 0.0328125 0.1125
2 0.39296875 0.58671875 0.01796875 0.1046875
2 0.44375 0.5890625 0.03203125 0.0953125
2 0.475 0.58984375 0.01484375 0.10234375
2 0.525 0.57421875 0.02578125 0.12109375
2 0.6984375 0.78125 0.10390625 0.30234375
2 0.753125 0.79921875 0.11015625 0.14296875
2 0.80703125 0.80078125 0.0390625 0.06796875