0 0.12890625 0.26953125 0.2578125 0.2015625
0 0.134375 0.10234375 0.26875 0.0421875
0 0.134375 0.52109375 0.26875 0.1890625
0 0.14375 0.071875 0.2875 0.034375
0 0.11484375 0.05078125 0.225 0.0296875
0 0.13671875 0.9484375 0.25625 0.1
0 0.1625 0.75703125 0.22109375 0.1234375
0 0.36328125 0.25234375 0.26875 0.2203125
0 0.371875 0.9484375 0.24375 0.06875
0 0.35703125 0.05 0.21015625 0.021875
0 0.37734375 0.5328125 0.25 0.1125
0 0.36015625 0.06875 0.20859375 0.025
0 0.37109375 0.753125 0.22890625 0.053125
0 0.375 0.10859375 0.225 0.0234375
0 0.37578125 0.90546875 0.21875 0.0890625
0 0.37265625 0.084375 0.20390625 0.015625
0 0.378125 0.70859375 0.21484375 0.0796875
0 0.38515625 0.78125 0.22890625 0.03125
0 0.38359375 0.97421875 0.22109375 0.0453125
0 0.38515625 0.125 0.21640625 0.015625
0 0.609375 0.25 0.17265625 0.2
0 0.63046875 0.47421875 0.21484375 0.2171875
0 0.61875 0.0703125 0.175 0.140625
0 0.76171875 0.6921875 0.24765625 0.1375
0 0.78203125 0.253125 0.22265625 0.1875
0 0.7875 0.06875 0.19609375 0.1375
0 0.821875 0.46015625 0.19765625 0.2046875
0 0.884375 0.65 0.22734375 0.165625
0 0.8875 0.83359375 0.17890625 0.0484375
0 0.89765625 0.8109375 0.1625 0.05625
0 0.909375 0.290625 0.17734375 0.109375
0 0.91875 0.85234375 0.125 0.0359375
0 0.928125 0.07265625 0.13984375 0.1453125
0 0.9375 0.4671875 0.12109375 0.16875