2 0.1328125 0.5453125 0.13828125 0.1390625
2 0.1609375 0.47109375 0.10078125 0.06328125
2 0.2625 0.8 0.23984375 0.26015625
2 0.25625 0.51875 0.09140625 0.10078125
2 0.49140625 0.8453125 0.24453125 0.21328125
2 0.4546875 0.4046875 0.034375 0.04609375
2 0.46953125 0.39609375 0.06328125 0.05703125
2 0.53125 0.375 0.03671875 0.0484375
2 0.584375 0.48828125 0.034375 0.02265625
2 0.7328125 0.81875 0.265625 0.33125
2 0.66328125 0.35859375 0.03203125 0.0078125
2 0.68125 0.45078125 0.025 0.0359375
2 0.696875 0.3921875 0.025 0.02265625
2 0.78046875 0.6140625 0.12265625 0.10234375
2 0.7359375 0.48671875 0.015625 0.01171875
2 0.815625 0.50078125 0.10703125 0.034375
2 0.81484375 0.46953125 0.09140625 0.02578125
2 0.828125 0.5703125 0.11875 0.10078125
2 0.83984375 0.4609375 0.07265625 0.0390625
2 0.9171875 0.671875 0.16015625 0.1984375
2 0.925 0.81875 0.1484375 0.325
2 0.90078125 0.43515625 0.08046875 0.04296875
2 0.928125 0.4765625 0.10703125 0.0390625
2 0.9390625 0.52890625 0.11640625 0.090625
2 0.934375 0.4515625 0.08046875 0.0203125
2 0.9515625 0.55625 0.0953125 0.06328125