3 0.03125 0.33046875 0.05546875 0.240625
3 0.26875 0.59453125 0.4578125 0.80703125
3 0.19609375 0.2984375 0.0859375 0.165625
3 0.2375 0.259375 0.03203125 0.10625
3 0.259375 0.2671875 0.05234375 0.1640625
3 0.284375 0.3109375 0.0796875 0.240625
3 0.471875 0.59375 0.390625 0.8015625
3 0.4109375 0.28828125 0.06015625 0.1828125
3 0.625 0.54296875 0.43046875 0.77109375
3 0.534375 0.28125 0.09609375 0.23515625
3 0.69609375 0.4921875 0.26328125 0.603125
3 0.69140625 0.24765625 0.08203125 0.15234375
3 0.78828125 0.25546875 0.06953125 0.17890625
3 0.86015625 0.3171875 0.08359375 0.34453125