0 0.021875 0.58984375 0.04296875 0.4890625
0 0.021875 0.46796875 0.0421875 0.6359375
0 0.50625 0.98046875 0.9859375 0.0375
0 0.07890625 0.48125 0.0734375 0.59609375
0 0.14140625 0.471875 0.028125 0.63203125
0 0.1921875 0.478125 0.08125 0.6765625
0 0.25078125 0.46328125 0.10234375 0.690625
0 0.31875 0.5578125 0.02578125 0.4359375
0 0.35078125 0.47265625 0.08515625 0.66484375
0 0.590625 0.1390625 0.4578125 0.13671875
0 0.39140625 0.496875 0.0296875 0.5359375
0 0.4234375 0.4859375 0.0671875 0.6203125
0 0.47109375 0.49140625 0.0234375 0.609375
0 0.4828125 0.4515625 0.0421875 0.6546875
0 0.5265625 0.47265625 0.0421875 0.59453125
0 0.5875 0.4703125 0.0953125 0.61484375
0 0.6265625 0.49296875 0.01953125 0.56796875
0 0.65078125 0.471875 0.0578125 0.61796875
0 0.703125 0.465625 0.071875 0.60546875
0 0.75390625 0.46015625 0.04375 0.60546875
0 0.7953125 0.47890625 0.04609375 0.53671875
0 0.83828125 0.42265625 0.1234375 0.69453125
0 0.92734375 0.4515625 0.05234375 0.603125
0 0.95078125 0.4203125 0.096875 0.725