0 0.4046875 0.36328125 0.10703125 0.271875
0 0.6109375 0.4609375 0.07265625 0.10859375
0 0.61015625 0.35546875 0.0640625 0.12578125
0 0.628125 0.11328125 0.07890625 0.11015625
0 0.6875 0.49140625 0.05546875 0.08828125
0 0.6953125 0.365625 0.0578125 0.1140625
0 0.7046875 0.24140625 0.0546875 0.07265625
0 0.71015625 0.10546875 0.059375 0.1015625
0 0.75234375 0.51171875 0.0359375 0.115625
0 0.75390625 0.38203125 0.03359375 0.12421875
0 0.76171875 0.24765625 0.02578125 0.0828125
0 0.7703125 0.103125 0.02890625 0.11328125
0 0.8171875 0.53359375 0.06171875 0.1375
0 0.83203125 0.3984375 0.084375 0.1328125
0 0.834375 0.24140625 0.059375 0.10859375
0 0.846875 0.1203125 0.0546875 0.0828125
0 0.89375 0.5671875 0.0453125 0.12578125
0 0.90859375 0.42421875 0.05546875 0.1328125
0 0.91640625 0.2578125 0.0328125 0.11171875
0 0.934375 0.10234375 0.0453125 0.12578125
0 0.95859375 0.60078125 0.07109375 0.18046875
0 0.9625 0.44140625 0.0640625 0.16015625
0 0.9734375 0.26171875 0.0515625 0.14140625