4 0.33515625 0.734375 0.30234375 0.29453125
4 0.109375 0.63671875 0.21796875 0.215625
4 0.02578125 0.24609375 0.0484375 0.0515625
4 0.09453125 0.37578125 0.0625 0.11171875
4 0.1234375 0.2203125 0.05 0.06015625
4 0.2 0.21328125 0.0640625 0.06953125
4 0.23046875 0.2828125 0.078125 0.08125
4 0.25546875 0.3640625 0.0765625 0.12890625
4 0.2921875 0.22734375 0.0671875 0.03671875
4 0.4265625 0.3484375 0.13046875 0.13984375
4 0.4578125 0.23828125 0.06953125 0.06953125
4 0.46640625 0.3109375 0.06484375 0.096875
4 0.6328125 0.38515625 0.171875 0.1640625
4 0.66171875 0.22734375 0.06796875 0.07890625
4 0.85390625 0.38359375 0.20234375 0.17890625