0 0.46796875 0.83203125 0.9359375 0.334375
0 0.09453125 0.55390625 0.11015625 0.284375
0 0.23125 0.5546875 0.1453125 0.23046875
0 0.421875 0.50859375 0.15 0.0578125
0 0.425 0.59140625 0.1328125 0.1046875
0 0.565625 0.51640625 0.16953125 0.0484375
0 0.565625 0.5671875 0.16171875 0.053125
0 0.5703125 0.62421875 0.13671875 0.06328125
0 0.69140625 0.5109375 0.1078125 0.05
0 0.71875 0.56484375 0.15703125 0.0484375
0 0.7171875 0.62734375 0.1484375 0.0984375
0 0.853125 0.54453125 0.128125 0.0484375
0 0.853125 0.58984375 0.1234375 0.04296875
0 0.85546875 0.640625 0.1171875 0.0375