2 0.0578125 0.69140625 0.11484375 0.271875
2 0.08046875 0.86328125 0.12890625 0.234375
2 0.1203125 0.121875 0.0703125 0.07734375
2 0.20546875 0.1171875 0.06171875 0.06796875
2 0.31171875 0.1140625 0.02578125 0.04921875
2 0.378125 0.41953125 0.115625 0.2859375
2 0.478125 0.46875 0.1234375 0.1984375
2 0.690625 0.909375 0.446875 0.1796875
2 0.60625 0.5140625 0.2234375 0.2328125
2 0.5859375 0.13125 0.06953125 0.08359375
2 0.65625 0.12109375 0.04609375 0.04609375
2 0.75859375 0.1234375 0.05859375 0.06015625
2 0.790625 0.359375 0.0609375 0.1046875
2 0.86171875 0.51328125 0.13125 0.15390625
2 0.86171875 0.3625 0.09609375 0.15390625
2 0.915625 0.68203125 0.1671875 0.1328125