2 0.43046875 0.82734375 0.140625 0.26640625
2 0.01171875 0.54609375 0.0234375 0.0421875
2 0.025 0.6328125 0.05 0.14921875
2 0.03671875 0.70390625 0.0734375 0.11875
2 0.040625 0.54296875 0.03828125 0.05859375
2 0.0703125 0.59609375 0.05546875 0.10703125
2 0.090625 0.678125 0.09375 0.1234375
2 0.084375 0.540625 0.03828125 0.05390625
2 0.11796875 0.58828125 0.04609375 0.0984375
2 0.1265625 0.52734375 0.03359375 0.0390625
2 0.16328125 0.63359375 0.06953125 0.0859375
2 0.153125 0.5765625 0.04296875 0.0953125
2 0.153125 0.515625 0.01953125 0.02734375
2 0.2 0.60859375 0.06015625 0.07265625
2 0.18359375 0.51484375 0.021875 0.028125
2 0.1921875 0.5578125 0.02578125 0.0609375
2 0.2015625 0.51484375 0.0171875 0.02578125
2 0.2109375 0.5484375 0.02578125 0.0625
2 0.2359375 0.59765625 0.05234375 0.06328125
2 0.2234375 0.50859375 0.021875 0.028125
2 0.2390625 0.53984375 0.025 0.0484375
2 0.259375 0.5796875 0.04609375 0.0625
2 0.259375 0.5328125 0.01953125 0.05078125
2 0.2734375 0.52578125 0.02734375 0.03671875
2 0.290625 0.56875 0.03828125 0.05625
2 0.30078125 0.56015625 0.0375 0.05390625
2 0.3359375 0.5359375 0.0734375 0.075
2 0.31796875 0.55625 0.02890625 0.0578125
2 0.39609375 0.215625 0.12265625 0.084375
2 0.44453125 0.58203125 0.03984375 0.0953125
2 0.47109375 0.63515625 0.0578125 0.12578125
2 0.54296875 0.6421875 0.05 0.140625
2 0.58984375 0.8546875 0.13046875 0.28828125
2 0.553125 0.57109375 0.04453125 0.06328125
2 0.60859375 0.21171875 0.12421875 0.08125
2 0.6828125 0.528125 0.11875 0.07890625
2 0.70390625 0.5578125 0.0234375 0.0609375
2 0.7109375 0.56953125 0.0296875 0.05078125
2 0.75859375 0.59375 0.0453125 0.07890625
2 0.7625 0.53046875 0.02265625 0.05078125
2 0.78515625 0.54140625 0.0234375 0.0515625
2 0.80390625 0.621875 0.0515625 0.08828125
2 0.80234375 0.54921875 0.03359375 0.0484375
2 0.79609375 0.51171875 0.01015625 0.015625
2 0.834375 0.634375 0.06171875 0.11015625
2 0.82109375 0.51796875 0.015625 0.03203125
2 0.8421875 0.565625 0.04140625 0.06953125
2 0.84375 0.52265625 0.01484375 0.04140625
2 0.87109375 0.578125 0.0515625 0.08671875
2 0.9046875 0.6828125 0.10625 0.15390625
2 0.8703125 0.528125 0.01640625 0.053125
2 0.921875 0.5984375 0.06171875 0.11640625
2 0.91328125 0.54375 0.03984375 0.07734375
2 0.953125 0.7171875 0.0921875 0.17578125
2 0.96875 0.59296875 0.0609375 0.08125
2 0.959375 0.54296875 0.03203125 0.0703125