0 0.07890625 0.3046875 0.0921875 0.509375
0 0.13984375 0.29609375 0.1453125 0.5046875
0 0.1359375 0.85859375 0.071875 0.2421875
0 0.1734375 0.85390625 0.075 0.2390625
0 0.21953125 0.2859375 0.1234375 0.48125
0 0.21640625 0.8484375 0.0765625 0.253125
0 0.253125 0.840625 0.065625 0.259375
0 0.31953125 0.2765625 0.1203125 0.465625
0 0.296875 0.8375 0.059375 0.265625
0 0.33671875 0.8296875 0.0640625 0.2625
0 0.3734375 0.821875 0.05 0.26875
0 0.40546875 0.2734375 0.1046875 0.459375
0 0.41015625 0.815625 0.0421875 0.2625
0 0.44765625 0.80859375 0.0453125 0.2671875
0 0.48984375 0.2703125 0.0796875 0.44375
0 0.48125 0.8015625 0.05 0.259375
0 0.5203125 0.7875 0.04375 0.25625
0 0.56640625 0.26796875 0.0953125 0.4484375
0 0.55234375 0.7875 0.0453125 0.259375
0 0.646875 0.7671875 0.14375 0.275
0 0.65390625 0.26015625 0.1078125 0.4203125
0 0.7359375 0.25859375 0.103125 0.4265625
0 0.75234375 0.73984375 0.0828125 0.2484375
0 0.796875 0.25234375 0.09375 0.4140625