0 0.34375 0.77109375 0.68671875 0.19921875
0 0.26640625 0.57578125 0.5203125 0.23828125
0 0.26484375 0.38203125 0.4890625 0.29609375
0 0.284375 0.22421875 0.50625 0.29609375
0 0.24921875 0.0984375 0.41640625 0.196875
0 0.51015625 0.08515625 0.09609375 0.07578125
0 0.5859375 0.94296875 0.1859375 0.11171875
0 0.5859375 0.38828125 0.1625 0.0984375
0 0.5953125 0.46875 0.15546875 0.08984375
0 0.5984375 0.64453125 0.14765625 0.0734375
0 0.60234375 0.15859375 0.1390625 0.1109375
0 0.60625 0.5625 0.146875 0.09609375
0 0.60859375 0.31171875 0.1375 0.1
0 0.60703125 0.07890625 0.12734375 0.103125
0 0.6078125 0.23828125 0.121875 0.096875
0 0.81875 0.11484375 0.2859375 0.2296875