2 0.103125 0.82421875 0.19296875 0.34921875
2 0.1875 0.62734375 0.0671875 0.16484375
2 0.22265625 0.64375 0.0359375 0.146875
2 0.321875 0.86796875 0.14765625 0.25859375
2 0.27578125 0.63046875 0.034375 0.09296875
2 0.328125 0.5484375 0.0453125 0.140625
2 0.40546875 0.6203125 0.0421875 0.17578125
2 0.4703125 0.87578125 0.1515625 0.246875
2 0.440625 0.665625 0.03046875 0.0859375
2 0.57109375 0.6640625 0.0359375 0.2140625
2 0.628125 0.88359375 0.1296875 0.23125
2 0.62890625 0.5234375 0.04609375 0.1453125
2 0.69140625 0.6375 0.05234375 0.16015625
2 0.78671875 0.84296875 0.1359375 0.146875
2 0.834375 0.6140625 0.0703125 0.11796875
2 0.9546875 0.86796875 0.0890625 0.25859375