0 0.390625 0.74453125 0.03203125 0.09140625
0 0.38984375 0.86875 0.0203125 0.0921875
0 0.4359375 0.8828125 0.0328125 0.09453125
0 0.43671875 0.97421875 0.03359375 0.05078125
0 0.43203125 0.728125 0.0203125 0.10546875
0 0.496875 0.70859375 0.07578125 0.1328125
0 0.4984375 0.871875 0.0515625 0.14296875
0 0.60078125 0.52578125 0.08203125 0.0421875
0 0.60234375 0.67578125 0.084375 0.1546875
0 0.60546875 0.89453125 0.0828125 0.14375
0 0.775 0.3421875 0.15859375 0.1953125
0 0.77265625 0.59140625 0.14140625 0.259375
0 0.7296875 0.8859375 0.02421875 0.19453125
0 0.79375 0.8921875 0.10859375 0.19296875