0 0.21640625 0.4984375 0.19921875 0.08046875
0 0.21640625 0.36171875 0.1828125 0.06171875
0 0.2203125 0.440625 0.18984375 0.06171875
0 0.184375 0.5375 0.10625 0.096875
0 0.2078125 0.6140625 0.0359375 0.05
0 0.215625 0.30546875 0.04296875 0.02890625
0 0.44296875 0.684375 0.28203125 0.153125
0 0.40234375 0.83203125 0.075 0.0515625
0 0.45390625 0.5359375 0.14609375 0.07109375
0 0.41171875 0.85703125 0.05703125 0.06328125
0 0.46953125 0.48515625 0.16328125 0.0828125
0 0.46875 0.4265625 0.15234375 0.0546875
0 0.4171875 0.365625 0.04140625 0.05
0 0.46875 0.58671875 0.140625 0.059375
0 0.5015625 0.37578125 0.1140625 0.053125
0 0.5609375 0.69140625 0.05546875 0.0390625
0 0.69375 0.64453125 0.30859375 0.12578125
0 0.6953125 0.5671875 0.30625 0.146875
0 0.70546875 0.484375 0.32109375 0.1390625
0 0.63515625 0.3765625 0.0484375 0.0421875
0 0.66171875 0.71796875 0.05546875 0.05859375
0 0.7203125 0.37421875 0.10546875 0.0421875
0 0.70546875 0.7484375 0.06328125 0.04296875
0 0.896875 0.38046875 0.2046875 0.0375
0 0.9046875 0.35078125 0.18984375 0.0359375
0 0.9109375 0.415625 0.1765625 0.02578125
0 0.9234375 0.8234375 0.1515625 0.1390625
0 0.92578125 0.625 0.14765625 0.1203125
0 0.928125 0.71953125 0.1390625 0.12421875
0 0.9328125 0.5140625 0.1328125 0.11953125