3 0.54296875 0.878125 0.209375 0.240625
3 0.078125 0.04453125 0.15625 0.0890625
3 0.09375 0.265625 0.1875 0.2390625
3 0.10390625 0.69921875 0.20703125 0.5859375
3 0.31953125 0.309375 0.3515625 0.4796875
3 0.2671875 0.7546875 0.22578125 0.39609375
3 0.27421875 0.2390625 0.2 0.26484375
3 0.31015625 0.82265625 0.18515625 0.35390625
3 0.41484375 0.72421875 0.10234375 0.10625
3 0.7125 0.746875 0.5734375 0.49765625
3 0.47265625 0.8015625 0.08984375 0.10234375
3 0.62265625 0.6328125 0.34296875 0.36875
3 0.69609375 0.82890625 0.14609375 0.1421875
3 0.8453125 0.3625 0.30703125 0.23359375
3 0.92265625 0.2171875 0.153125 0.2234375
3 0.93984375 0.5546875 0.1109375 0.178125