0 0.48671875 0.07890625 0.10703125 0.12578125
0 0.4890625 0.21875 0.09296875 0.128125
0 0.509375 0.484375 0.09296875 0.1265625
0 0.590625 0.07109375 0.090625 0.121875
0 0.5953125 0.20625 0.09375 0.121875
0 0.6 0.33359375 0.09765625 0.14140625
0 0.58046875 0.4890625 0.04375 0.06328125
0 0.60625 0.478125 0.08984375 0.0703125
0 0.6921875 0.228125 0.0921875 0.05078125
0 0.6796875 0.4453125 0.0609375 0.11796875
0 0.68984375 0.05703125 0.08203125 0.1140625
0 0.6875 0.325 0.0734375 0.1265625
0 0.7796875 0.171875 0.07578125 0.12265625
0 0.78359375 0.05234375 0.0796875 0.1046875
0 0.87421875 0.11796875 0.071875 0.1921875