2 0.58125 0.859375 0.1609375 0.2203125
2 0.21328125 0.80390625 0.17109375 0.18828125
2 0.1984375 0.7171875 0.11796875 0.0609375
2 0.184375 0.684375 0.08671875 0.03359375
2 0.19609375 0.67421875 0.09140625 0.040625
2 0.25234375 0.85703125 0.2046875 0.2390625
2 0.42109375 0.8921875 0.19609375 0.2140625
2 0.40546875 0.6703125 0.0640625 0.0375
2 0.43046875 0.68125 0.06796875 0.03828125
2 0.4578125 0.6921875 0.07734375 0.053125
2 0.4921875 0.71328125 0.109375 0.0578125
2 0.55234375 0.75625 0.12109375 0.10234375